0
0
0
1
100
100
100
1000
1000
1000
1001
1004
1004
1005
1006
1007
1009
101
1010
1010
1011
1011
1011
1012
1013
1017
1018
1019
1021
1024
1024
1025
1026
1027
1029
103
103
1030
1030
1032
1035
1038
1038
1039
1042
1044
1044
1044
1045
1047
1047
1049
105
1051
1053
1053
1053
1054
1055
1057
106
1064
1065
1066
1066
1067
1067
1068
1068
1069
1069
107
1070
1072
1074
1075
1076
1076
1076
1077
1077
1077
1079
1079
108
1080
1082
1082
1082
1083
1083
1083
1085
1086
1087
1088
1088
1091
1092
1092
1092
1093
1093
1093
1094
1094
1094
1095
1095
1096
1097
110
1100
1101
1101
1102
1102
1102
1105
1109
1109
111
1110
1111
1111
1112
1113
1113
1115
1116
1118
1118
1118
112
1120
1122
1123
1125
1126
1127
1128
1129
113
113
113
1130
1130
1132
1133
1136
1138
114
114
1140
1141
1142
1142
1145
1145
1147
115
1151
1151
1152
1152
1152
1153
1155
1155
1156
1157
1157
116
1160
1160
1160
1161
1161
1162
1163
1163
1164
1164
1166
1168
1168
1169
1169
1169
117
1170
1170
1172
1173
1174
1174
1175
1175
1175
1176
1176
118
118
1180
1181
1181
1181
1182
1183
1186
1186
1187
1187
1187
1188
1188
119
1192
1192
1193
1197
1198
1198
1199
12
120
1200
1201
1202
1202
1204
1206
1207
1208
1208
1209
1210
1211
1212
1213
1214
1214
1215
1216
1217
1219
122
122
1220
1221
1222
1222
1223
1224
1226
1226
1227
1228
1228
1229
1229
123
1231
1232
1233
1233
1234
1234
1237
1237
1239
1240
1242
1243
1243
1244
1245
1246
1249
1249
125
1250
1250
1253
1254
1255
1255
1255
1259
1259
1261
1262
1264
1264
1264
1266
1266
1269
1270
1271
1272
1272
1275
1276
1276
1276
1277
1278
1278
128
1281
1281
1282
1284
1285
1285
1287
1287
1288
1288
1288
1289
1289
1289
1290
1291
1291
1293
1294
1294
1295
1295
1299
1299
13
130
1300
1301
1302
1302
1303
1303
1304
1306
1306
1307
1307
1309
131
1311
1314
1314
1315
1315
1317
1318
1318
1319
1319
1320
1321
1321
1323
1323
1324
1324
1325
1327
1328
1329
133
133
1331
1332
1334
1335
1335
1337
1339
134
134
134
1341
1343
1343
1344
1345
1345
1346
1346
1349
135
1350
1351
1353
1354
1355
1356
1356
136
1360
1362
1364
1365
1367
1368
137
1370
1370
1370
1371
1371
1371
1371
1372
1374
1377
1378
1378
1379
138
138
138
1380
1381
1381
1383
1384
1384
1384
1387
1388
139
139
1390
1390
1390
1392
1393
1394
1394
1395
1396
1396
1396
1398
1399
1399
14
140
140
1400
1401
1401
1404
1404
1406
1407
1407
1408
1408
1409
1410
1410
1410
1413
1414
1414
1416
1416
1417
1418
1418
1419
142
1420
1420
1420
1422
1424
1425
1427
1429
1431
1432
1433
1436
1437
1438
1439
144
1441
1442
1442
1442
1442
1444
1446
1446
1446
1447
145
145
1451
1451
1453
1453
1454
1454
1454
1454
1456
1456
1456
1457
1457
1457
1458
1458
1458
1458
1458
1459
1459
1459
1460
1462
1462
1463
1466
1466
1467
1468
1472
1472
1473
1474
1475
1477
1481
1481
1481
1484
1487
1487
1488
1489
149
1490
1491
1491
1491
1494
1494
1495
1495
1495
1496
1497
1499
150
150
1501
1502
1504
1504
1505
1506
1506
1506
1508
151
1510
1510
1511
1514
1514
1516
1517
1518
1519
152
1521
1521
1521
1524
1524
1526
1527
1529
1529
1529
153
1531
1534
1535
1535
1535
1536
1537
1538
1538
1540
1541
1542
1543
1544
1545
1545
1545
1545
1546
1548
155
1552
1555
1555
1558
1559
156
156
1561
1562
1562
1563
1564
1566
1566
1566
1566
1566
1568
1569
1571
1571
1572
1572
1572
1572
1573
1574
1575
1577
1578
1579
1579
158
1580
1580
1581
1581
1581
1581
1582
1582
1584
1585
1587
1589
159
1590
1590
1590
1591
1592
1593
1595
1595
1598
1598
1598
160
1600
1600
1601
1603
1603
1604
1604
1604
1606
1607
1611
1611
1611
1611
1613
1613
1615
1615
1615
1617
1618
162
1620
1620
1621
1622
1623
1624
1624
1624
1624
1629
1629
163
163
163
163
1630
1631
1635
1635
1636
1636
1638
1641
1642
1642
1643
1645
1646
1646
1646
1647
1647
1649
165
1651
1651
1652
1653
1653
1654
1655
1655
1656
1656
166
166
166
1660
1661
1662
1662
1663
1663
1664
1664
1664
1664
1665
1665
1666
1667
1669
1669
1670
1672
1673
1675
1675
1680
1680
1680
1680
1680
1680
1681
1682
1682
1685
1688
1689
169
1690
1690
1690
1694
1695
1695
1697
1697
1699
17
17
170
1700
1702
1702
1705
1707
1707
1707
171
171
171
171
1711
1713
1713
1714
1715
1715
1716
1719
1719
172
172
1721
1722
1723
1723
1723
1723
1725
1725
1725
1727
1727
1727
1727
1728
1728
1728
1730
1731
1731
1731
1732
1734
1735
1735
1737
1738
1738
1739
1739
174
174
1740
1742
1742
1742
1743
1743
1743
1746
1748
1748
175
1750
1750
1751
1751
1753
1759
1761
1763
1763
1766
1767
1767
1769
1769
1769
1769
177
177
1770
1770
1770
1771
1773
1774
1774
1774
1775
1776
1777
1777
1778
1778
178
178
1780
1780
1781
1782
1783
1784
1785
1787
1787
1788
1788
1789
1791
1791
1791
1793
1793
1793
1795
1796
1796
1798
1798
18
1801
1801
1801
1803
1804
1807
1807
1808
1808
1809
1809
181
1810
1810
1811
1813
1815
1817
1817
1819
1819
182
1820
1824
1824
1824
1825
1825
1826
1827
1828
1829
1829
1830
1830
1831
1832
1833
1833
1838
1838
1838
1840
1840
1842
1843
1844
1845
1848
1848
185
185
185
1850
1850
1852
1855
1856
186
186
1860
1861
1863
1864
1865
1866
1867
1867
1868
1868
1869
187
187
1870
1870
1871
1871
1872
1873
1873
1874
1875
1875
1875
1876
1876
1877
1877
1878
1878
1879
1881
1882
1883
1884
1885
1886
1887
189
1891
1892
1892
1893
1894
1895
1898
1899
1899
19
19
1900
1900
1901
1902
1902
1905
1907
1907
1907
1908
191
1912
1913
1913
1913
1914
1914
1914
1915
1916
1917
1918
192
1921
1922
1922
1922
1927
1927
1928
1928
1928
1928
1929
1930
1933
1933
1935
1935
1938
194
1940
1941
1941
1946
1949
195
195
1950
1952
1952
1953
1955
1956
1957
196
1960
1961
1962
1963
1966
1967
1968
1968
1968
1969
1969
1969
197
1970
1971
1971
1972
1973
1973
1973
1975
1975
1978
1978
1979
1981
1981
1982
1982
1983
1983
1983
1983
1983
1984
1984
1986
1987
1988
1988
1989
199
199
1990
1993
1994
1994
1995
1995
1995
1996
1996
1997
1997
1999
20
20
200
202
202
202
203
203
203
203
203
209
21
21
210
213
214
215
215
217
218
218
218
218
219
220
222
229
23
230
230
230
231
232
233
234
235
235
236
236
238
240
240
243
245
245
247
247
248
248
25
251
252
253
253
253
253
254
256
258
259
259
259
259
259
26
264
265
265
265
266
266
266
268
269
27
270
270
270
270
271
272
274
276
277
277
277
278
279
28
28
284
284
284
285
286
288
289
29
290
293
293
295
298
3
30
30
300
301
306
309
311
311
311
312
312
313
313
316
316
316
317
318
318
321
323
323
323
327
327
328
329
330
330
330
332
332
335
336
337
338
339
340
341
341
342
342
342
343
345
345
345
346
347
348
349
35
35
350
350
351
352
352
352
353
354
355
356
358
358
360
362
363
365
366
366
368
368
369
369
37
372
372
372
372
373
374
375
375
375
377
378
379
379
38
380
384
385
387
388
39
39
39
39
390
390
392
392
393
394
395
396
397
398
399
400
403
403
404
405
406
406
406
407
408
409
409
41
41
41
411
412
415
417
418
419
42
42
421
421
422
424
424
425
426
427
427
427
428
428
43
431
431
433
433
434
435
435
436
438
438
438
439
439
44
440
440
443
445
446
446
447
447
448
448
448
45
450
452
452
452
454
454
454
455
456
458
459
46
460
461
462
462
463
464
465
468
469
471
473
473
474
475
475
476
477
48
48
483
484
484
485
485
485
486
486
488
489
491
492
494
495
496
496
5
500
502
503
508
509
509
51
510
513
513
515
515
515
516
516
518
519
52
521
521
522
522
523
524
525
527
528
529
529
529
53
530
530
530
531
534
536
536
536
537
539
541
542
542
543
545
547
547
547
549
549
550
552
553
554
556
556
559
561
562
563
566
568
568
57
57
57
572
573
576
576
577
577
578
578
578
579
579
579
580
580
580
582
584
586
586
587
588
591
593
594
594
594
594
595
596
597
599
599
599
599
6
600
601
601
601
602
604
605
606
607
607
607
609
609
61
610
610
610
611
612
612
612
615
615
62
62
62
62
620
622
623
626
626
627
627
627
628
628
629
63
630
630
631
633
635
635
636
638
640
640
640
640
641
642
642
644
646
646
648
648
65
65
651
652
653
653
653
654
655
655
656
658
659
66
660
664
664
664
665
665
667
668
669
669
67
67
670
673
674
676
676
678
68
680
683
685
685
686
686
687
687
688
69
690
691
693
694
694
694
698
698
699
7
702
703
703
704
704
705
705
705
706
706
707
708
708
709
709
709
71
71
710
711
712
712
713
713
714
715
716
716
717
719
719
721
721
723
723
724
725
725
725
726
727
727
729
729
729
730
730
730
730
731
731
732
734
734
735
736
736
736
737
740
740
744
745
745
745
746
747
750
751
751
752
756
757
758
758
758
760
761
762
762
762
763
764
765
768
769
770
770
771
771
771
772
773
774
776
777
777
777
778
778
779
779
78
78
78
78
782
784
784
784
785
788
788
789
792
792
794
795
796
798
799
799
799
80
80
803
803
803
804
804
804
806
808
809
810
810
812
813
814
815
815
816
818
818
819
82
82
821
821
823
823
825
827
830
830
831
831
832
832
834
835
835
836
837
837
837
838
839
839
84
84
840
841
842
842
843
843
845
846
848
849
85
850
850
850
851
852
852
852
853
854
855
858
858
858
860
860
861
864
866
867
868
868
869
87
872
872
873
873
874
876
876
877
877
877
878
879
881
881
882
886
887
887
89
89
89
890
890
891
891
891
892
893
897
897
898
899
899
899
904
904
907
908
909
91
910
910
912
913
913
914
915
915
917
918
92
920
921
923
923
924
925
928
929
93
93
930
931
931
932
932
933
936
938
94
94
94
940
941
941
944
944
945
945
946
949
95
950
951
953
956
956
956
957
959
96
961
961
962
964
965
967
969
969
969
974
974
974
976
977
978
978
98
98
983
984
985
985
986
986
987
989
989
99
991
991
991
995
995
996
996
