941
1006
1872
142
269
1329
1629
1005
1325
519
1000
485
464
1495
630
1664
1604
1563
1876
545
128
98
1111
1807
1309
612
1968
1278
1680
356
78
1094
341
1291
301
1442
1223
1110
940
712
876
1838
1580
1664
366
1984
1125
818
372
1769
1635
736
1807
1152
1613
541
640
48
518
986
1095
1968
1324
1467
118
352
1582
1914
804
1410
1643
1751
1053
35
933
458
854
1093
405
1255
815
778
440
1997
1394
1055
358
1355
1367
610
3
1775
1914
834
1647
1053
580
66
584
1224
1589
1289
159
0
372
969
776
648
1581
1065
234
578
825
898
103
1514
524
1346
1302
1420
1655
864
1436
1874
941
398
1097
878
1459
1284
686
417
577
1102
1740
21
1285
452
1863
1069
118
850
586
1767
582
627
84
379
113
879
1601
899
1202
222
1027
1719
1157
248
95
868
823
42
1220
1384
665
599
1989
316
388
1785
1176
1102
1654
130
727
1211
202
116
52
837
1510
328
426
1830
94
591
462
1682
1222
259
484
562
1380
601
1422
594
1524
422
1264
760
1381
1147
1774
1215
1521
1214
534
448
1929
6
330
1884
1695
1971
646
1161
253
343
513
950
1763
1285
94
332
1198
85
849
1603
1044
736
1087
174
1404
1646
462
1572
473
1914
683
732
120
1615
795
1620
1983
1842
841
1886
485
411
542
1496
1233
673
1663
214
522
1472
1360
1694
989
1962
1798
1600
1181
407
827
528
1269
1466
1898
1169
1769
259
1290
1344
1371
1514
1111
1882
1753
830
427
843
1011
810
1388
1940
762
433
272
1080
1604
278
1995
195
1372
890
777
360
711
850
1303
277
945
1332
1083
69
438
1663
996
1410
1356
117
1291
516
317
1206
313
1051
1827
1913
259
341
396
1721
17
1996
1661
378
300
415
163
1558
1365
763
1301
1529
674
886
1188
549
1651
553
276
1907
899
1047
725
1463
1210
925
1978
1518
655
1832
1770
327
635
238
1237
107
57
1850
1646
890
1705
424
951
579
627
920
1803
1472
377
1810
596
1852
1990
1255
236
1810
434
1824
1777
995
1735
758
1778
1459
1214
93
486
913
1730
253
1228
1922
87
270
380
1432
1123
1151
28
1364
810
259
1504
245
904
202
745
1339
1142
439
1517
1453
1584
1843
71
1315
350
1181
1829
1873
510
332
240
1537
866
771
953
236
293
751
1966
1300
1113
48
1019
1009
93
353
1038
1318
1722
342
515
799
764
1202
974
1242
814
1682
134
703
494
602
1774
1133
256
1561
1264
1474
1742
475
771
390
428
699
1243
1845
1401
611
607
471
418
114
1973
910
977
1000
218
715
627
929
622
1262
1656
139
779
1848
1651
1734
1047
670
1680
1624
1935
284
485
330
1795
852
1697
770
1713
1314
210
253
1145
445
1763
1529
1631
1132
194
892
1871
354
1007
277
731
1543
1408
653
1504
597
1953
521
1783
1068
313
447
311
1826
1384
1491
1303
1163
253
1181
593
784
20
664
1138
719
1564
265
1039
1743
39
714
369
991
1866
1714
961
698
1140
579
1598
1288
1164
1072
891
996
691
777
1894
1861
1928
1204
1331
1276
858
394
231
1801
1656
27
1808
874
1893
1983
1010
1122
1175
1562
1996
1425
270
106
969
1973
178
496
1491
653
1653
1001
1490
1462
615
1096
1649
1716
904
1074
641
1535
57
1494
327
1175
91
215
513
421
473
599
375
623
594
1457
1468
424
734
1603
1731
690
578
1511
1278
1680
318
636
1825
605
19
646
21
403
1378
78
1993
345
1952
615
771
908
5
1791
868
1288
1508
653
730
1395
1077
1294
1535
694
686
134
606
1673
1552
1541
406
762
285
151
454
1130
200
712
1160
1524
1317
1699
1371
266
815
165
41
78
1368
1506
1095
1018
1867
1299
651
1229
509
491
1495
1811
658
1173
1187
831
572
348
1401
1000
1967
38
1354
1981
1856
366
318
1029
1499
956
1353
39
435
1972
1481
99
580
1864
539
860
1540
218
669
835
264
1809
1070
1793
500
23
530
352
1306
1566
1922
1383
740
1261
576
976
1356
459
1335
1239
488
1142
1809
737
19
1871
195
1766
342
166
419
1725
1414
350
1546
1011
1623
349
740
1320
175
1587
1555
758
293
852
723
1630
247
1155
89
1153
923
1164
1141
680
29
1374
1287
1456
1192
1572
1566
1877
1664
751
474
346
139
706
1907
259
368
1817
835
1519
855
1446
1198
229
384
1913
850
137
1984
620
1545
187
1670
1624
43
1197
1788
792
561
1295
1433
664
1732
745
803
185
1636
660
338
932
821
821
431
392
1715
1767
1995
1410
230
772
1660
1416
832
1088
1186
1266
1987
1234
664
245
1969
271
678
1277
1259
549
612
103
1082
705
1304
456
428
861
848
1101
502
57
1868
17
1769
53
770
676
463
1161
1957
1566
1076
1442
1536
96
385
1545
1819
882
1571
1680
752
63
1562
108
1208
266
910
1930
1647
1611
716
160
358
921
1918
1921
1127
374
185
1323
18
162
144
1473
1254
1437
566
1600
1580
1420
1024
1793
669
1510
808
794
1956
556
1838
1281
1182
20
1145
638
1390
897
635
1707
1069
1728
547
1770
30
192
588
804
1392
799
403
1738
604
270
1542
1113
1695
0
599
1327
1569
836
1824
932
1459
1004
1264
1912
1160
1226
163
439
186
1222
1216
1275
461
62
172
158
1665
171
1981
41
465
1723
745
78
1848
1793
284
351
803
213
39
698
1233
25
1878
178
536
409
554
1066
1409
1629
101
1568
867
719
1013
1187
877
1396
199
1955
1501
777
893
1076
798
1276
842
254
1598
1875
601
1796
1085
1900
1166
735
1217
1379
1844
1719
887
1481
1462
1341
1092
727
1689
232
521
1487
1590
218
757
475
1638
974
1988
709
373
1840
1781
1458
329
1337
762
1324
92
1941
536
1306
133
67
286
1646
230
1688
1155
747
1774
928
1784
448
1054
707
44
630
1128
112
1982
1746
131
409
1949
199
203
1850
1548
203
1798
1495
609
644
1873
1
876
607
969
452
1413
509
710
1952
974
1531
1026
1042
1160
1276
215
1727
1681
1973
1381
12
122
788
547
61
311
830
1645
312
944
1796
508
949
1685
1905
1044
965
1870
1667
887
1723
944
595
1494
987
1819
803
1591
782
640
1475
1170
1711
352
607
1077
1045
704
1289
792
14
1641
1742
155
1396
731
1208
1371
1454
945
1152
115
1318
688
1789
703
1506
746
685
1212
1697
1615
1343
1739
708
163
1899
1157
455
858
335
873
1883
399
1590
1168
1505
804
375
785
837
1044
744
1120
452
1076
316
337
1707
185
80
186
1021
323
1870
1431
1377
406
252
1271
726
1881
1813
100
1092
823
1713
1680
65
1491
1635
1994
716
393
687
912
1545
1680
838
799
345
1323
1727
469
406
1662
1860
312
1272
1838
390
111
1927
145
1950
1294
1453
773
1234
1743
1831
813
1791
1739
936
869
105
233
1578
1622
476
1581
978
917
654
82
1118
1398
84
1506
94
1407
30
881
957
1079
1487
858
730
125
1100
721
1895
516
1617
648
1933
556
1226
1581
730
1420
1109
65
1545
1995
306
851
28
1231
1875
202
1175
1725
918
1457
668
46
924
397
1887
1170
1621
363
1750
1454
1978
1892
1935
529
1351
1314
1982
709
1555
1404
1025
1761
765
1901
1249
1451
789
483
1207
1083
1012
1172
1817
1082
1417
1979
80
425
1232
991
1319
495
1969
484
962
26
35
923
89
150
1163
628
1343
171
1941
725
323
640
1293
530
1666
1118
187
860
1287
1776
89
279
1345
486
1970
1266
1151
809
136
779
842
1593
610
1787
1759
626
368
989
1879
1004
717
365
1221
113
288
1067
1068
1370
959
1662
1611
1187
640
837
438
1885
1581
713
1169
530
756
734
1451
1571
1624
1112
853
1213
631
171
750
1130
601
522
956
243
1186
177
1865
1731
1572
1902
1240
1079
1908
138
258
642
694
1334
529
1245
984
496
729
1259
1321
629
62
203
1828
400
230
1447
45
897
1243
345
1174
1833
1933
140
1390
721
1282
784
295
42
1723
1928
1922
1311
852
270
586
454
1735
1655
873
1782
1983
1840
667
1715
1188
967
1613
100
599
1975
209
1030
235
1115
1825
729
1582
1971
1102
152
387
964
612
1526
446
298
1579
436
907
633
877
1791
427
113
1727
1830
587
448
62
1737
547
1441
1319
284
248
450
1458
123
1855
915
796
1592
1999
138
1408
1249
1201
468
1538
1900
1815
1350
1192
196
182
609
1652
1869
1777
1988
82
1362
723
652
395
145
153
774
340
412
986
1748
166
1200
323
1598
1642
290
1299
336
1393
1877
1424
1442
1229
408
197
1077
1136
1997
1961
536
1199
133
1868
138
594
1414
1024
1387
251
1118
1618
1083
656
177
724
68
71
543
1416
339
525
1521
1963
1328
1458
913
843
1456
1237
1497
1750
768
1272
1092
881
1346
1983
577
610
708
1675
1527
1611
203
877
1394
372
655
1129
1770
1907
1728
489
788
122
134
1946
1938
1917
1094
1960
1574
846
816
1969
277
7
37
392
694
995
550
1544
217
1738
1928
1250
1156
440
1604
1606
537
1032
891
266
1731
578
1302
1418
1439
1534
1307
460
840
1315
1723
1438
219
433
1209
447
665
1255
1109
1590
1994
946
454
931
446
931
503
832
1742
156
1384
1780
1538
247
1829
1700
1484
930
67
806
114
778
1751
1891
265
1075
289
1928
220
706
1669
170
1788
1624
1162
515
978
1611
1899
1053
1535
98
1516
362
1620
1916
839
1390
1246
174
1219
1370
1193
600
1702
1093
709
1778
321
552
1030
568
1082
1399
1477
559
1399
1975
372
1091
150
961
1295
1407
1289
1489
1038
39
831
203
1927
1653
1454
1419
240
1743
156
1575
914
1585
1902
531
713
909
311
0
1559
1067
529
1427
1801
1086
730
110
642
1669
438
685
899
1771
626
191
1116
1180
1833
1566
1371
580
1727
1773
659
1429
1690
1101
1801
1780
1105
1579
1400
1057
13
1370
628
594
1244
41
347
1915
1572
769
872
523
1460
1406
1665
1702
1878
375
1456
1307
1457
171
542
1521
140
1769
891
579
268
492
443
725
1454
1281
218
1345
784
983
736
51
1481
1442
1488
189
761
316
1642
1335
1035
1049
1808
1607
1064
309
1126
1066
1573
812
274
172
1228
1253
1875
1017
568
1804
991
1664
985
427
1748
1169
1672
100
1152
563
1093
1725
1867
1876
956
985
1458
1502
149
1983
1615
1250
1707
1913
355
676
1444
1787
1270
435
527
702
166
1011
845
1176
1675
169
693
1690
235
1458
1595
1446
1577
705
1595
938
839
163
431
477
573
1968
705
1349
1010
1168
1466
915
135
119
872
1820
515
687
62
1396
265
1728
421
1321
342
1183
704
1418
1446
576
1566
818
1174
729
1529
1636
404
181
379
1892
1378
1986
1824
1088
330
1288
1094
1690
1227
758
369
819
